{
 "cells": [
  {
   "cell_type": "code",
   "execution_count": 1,
   "id": "48e27f2c",
   "metadata": {},
   "outputs": [],
   "source": [
    "import pandas as pd\n",
    "data=pd.read_csv('apple_stock_data.csv')"
   ]
  },
  {
   "cell_type": "code",
   "execution_count": 2,
   "id": "3b6ac147",
   "metadata": {},
   "outputs": [
    {
     "data": {
      "text/html": [
       "<div>\n",
       "<style scoped>\n",
       "    .dataframe tbody tr th:only-of-type {\n",
       "        vertical-align: middle;\n",
       "    }\n",
       "\n",
       "    .dataframe tbody tr th {\n",
       "        vertical-align: top;\n",
       "    }\n",
       "\n",
       "    .dataframe thead th {\n",
       "        text-align: right;\n",
       "    }\n",
       "</style>\n",
       "<table border=\"1\" class=\"dataframe\">\n",
       "  <thead>\n",
       "    <tr style=\"text-align: right;\">\n",
       "      <th></th>\n",
       "      <th>Date</th>\n",
       "      <th>Close/Last</th>\n",
       "      <th>Volume</th>\n",
       "      <th>Open</th>\n",
       "      <th>High</th>\n",
       "      <th>Low</th>\n",
       "    </tr>\n",
       "  </thead>\n",
       "  <tbody>\n",
       "    <tr>\n",
       "      <th>0</th>\n",
       "      <td>02/28/2020</td>\n",
       "      <td>$273.36</td>\n",
       "      <td>106721200</td>\n",
       "      <td>$257.26</td>\n",
       "      <td>$278.41</td>\n",
       "      <td>$256.37</td>\n",
       "    </tr>\n",
       "    <tr>\n",
       "      <th>1</th>\n",
       "      <td>02/27/2020</td>\n",
       "      <td>$273.52</td>\n",
       "      <td>80151380</td>\n",
       "      <td>$281.1</td>\n",
       "      <td>$286</td>\n",
       "      <td>$272.96</td>\n",
       "    </tr>\n",
       "    <tr>\n",
       "      <th>2</th>\n",
       "      <td>02/26/2020</td>\n",
       "      <td>$292.65</td>\n",
       "      <td>49678430</td>\n",
       "      <td>$286.53</td>\n",
       "      <td>$297.88</td>\n",
       "      <td>$286.5</td>\n",
       "    </tr>\n",
       "    <tr>\n",
       "      <th>3</th>\n",
       "      <td>02/25/2020</td>\n",
       "      <td>$288.08</td>\n",
       "      <td>57668360</td>\n",
       "      <td>$300.95</td>\n",
       "      <td>$302.53</td>\n",
       "      <td>$286.13</td>\n",
       "    </tr>\n",
       "    <tr>\n",
       "      <th>4</th>\n",
       "      <td>02/24/2020</td>\n",
       "      <td>$298.18</td>\n",
       "      <td>55548830</td>\n",
       "      <td>$297.26</td>\n",
       "      <td>$304.18</td>\n",
       "      <td>$289.23</td>\n",
       "    </tr>\n",
       "  </tbody>\n",
       "</table>\n",
       "</div>"
      ],
      "text/plain": [
       "         Date  Close/Last     Volume      Open      High       Low\n",
       "0  02/28/2020     $273.36  106721200   $257.26   $278.41   $256.37\n",
       "1  02/27/2020     $273.52   80151380    $281.1      $286   $272.96\n",
       "2  02/26/2020     $292.65   49678430   $286.53   $297.88    $286.5\n",
       "3  02/25/2020     $288.08   57668360   $300.95   $302.53   $286.13\n",
       "4  02/24/2020     $298.18   55548830   $297.26   $304.18   $289.23"
      ]
     },
     "execution_count": 2,
     "metadata": {},
     "output_type": "execute_result"
    }
   ],
   "source": [
    "data.head()"
   ]
  },
  {
   "cell_type": "code",
   "execution_count": 3,
   "id": "46b82bd3",
   "metadata": {},
   "outputs": [],
   "source": [
    "## convert date column to datetime using pandas and set as index\n",
    "data['Date']=pd.to_datetime(data['Date'])\n",
    "data.set_index('Date',inplace=True)\n"
   ]
  },
  {
   "cell_type": "code",
   "execution_count": 4,
   "id": "8d575148",
   "metadata": {},
   "outputs": [
    {
     "data": {
      "text/html": [
       "<div>\n",
       "<style scoped>\n",
       "    .dataframe tbody tr th:only-of-type {\n",
       "        vertical-align: middle;\n",
       "    }\n",
       "\n",
       "    .dataframe tbody tr th {\n",
       "        vertical-align: top;\n",
       "    }\n",
       "\n",
       "    .dataframe thead th {\n",
       "        text-align: right;\n",
       "    }\n",
       "</style>\n",
       "<table border=\"1\" class=\"dataframe\">\n",
       "  <thead>\n",
       "    <tr style=\"text-align: right;\">\n",
       "      <th></th>\n",
       "      <th>Close/Last</th>\n",
       "      <th>Volume</th>\n",
       "      <th>Open</th>\n",
       "      <th>High</th>\n",
       "      <th>Low</th>\n",
       "    </tr>\n",
       "    <tr>\n",
       "      <th>Date</th>\n",
       "      <th></th>\n",
       "      <th></th>\n",
       "      <th></th>\n",
       "      <th></th>\n",
       "      <th></th>\n",
       "    </tr>\n",
       "  </thead>\n",
       "  <tbody>\n",
       "    <tr>\n",
       "      <th>2020-02-28</th>\n",
       "      <td>$273.36</td>\n",
       "      <td>106721200</td>\n",
       "      <td>$257.26</td>\n",
       "      <td>$278.41</td>\n",
       "      <td>$256.37</td>\n",
       "    </tr>\n",
       "    <tr>\n",
       "      <th>2020-02-27</th>\n",
       "      <td>$273.52</td>\n",
       "      <td>80151380</td>\n",
       "      <td>$281.1</td>\n",
       "      <td>$286</td>\n",
       "      <td>$272.96</td>\n",
       "    </tr>\n",
       "    <tr>\n",
       "      <th>2020-02-26</th>\n",
       "      <td>$292.65</td>\n",
       "      <td>49678430</td>\n",
       "      <td>$286.53</td>\n",
       "      <td>$297.88</td>\n",
       "      <td>$286.5</td>\n",
       "    </tr>\n",
       "    <tr>\n",
       "      <th>2020-02-25</th>\n",
       "      <td>$288.08</td>\n",
       "      <td>57668360</td>\n",
       "      <td>$300.95</td>\n",
       "      <td>$302.53</td>\n",
       "      <td>$286.13</td>\n",
       "    </tr>\n",
       "    <tr>\n",
       "      <th>2020-02-24</th>\n",
       "      <td>$298.18</td>\n",
       "      <td>55548830</td>\n",
       "      <td>$297.26</td>\n",
       "      <td>$304.18</td>\n",
       "      <td>$289.23</td>\n",
       "    </tr>\n",
       "  </tbody>\n",
       "</table>\n",
       "</div>"
      ],
      "text/plain": [
       "           Close/Last     Volume      Open      High       Low\n",
       "Date                                                          \n",
       "2020-02-28    $273.36  106721200   $257.26   $278.41   $256.37\n",
       "2020-02-27    $273.52   80151380    $281.1      $286   $272.96\n",
       "2020-02-26    $292.65   49678430   $286.53   $297.88    $286.5\n",
       "2020-02-25    $288.08   57668360   $300.95   $302.53   $286.13\n",
       "2020-02-24    $298.18   55548830   $297.26   $304.18   $289.23"
      ]
     },
     "execution_count": 4,
     "metadata": {},
     "output_type": "execute_result"
    }
   ],
   "source": [
    "data.head()"
   ]
  },
  {
   "cell_type": "code",
   "execution_count": 9,
   "id": "0b423ea5",
   "metadata": {},
   "outputs": [
    {
     "name": "stdout",
     "output_type": "stream",
     "text": [
      "Index([' Close/Last', ' Volume', ' Open', ' High', ' Low'], dtype='object')\n"
     ]
    }
   ],
   "source": [
    "## select the close column and set it as a dataframe,\n",
    "## using double brackets ensures it returns a dataframe\n",
    "print(data.columns)\n",
    "\n",
    "data.columns=data.columns.str.strip()\n",
    "data=data[['Close/Last']]"
   ]
  },
  {
   "cell_type": "code",
   "execution_count": 10,
   "id": "a599c308",
   "metadata": {},
   "outputs": [
    {
     "data": {
      "text/html": [
       "<div>\n",
       "<style scoped>\n",
       "    .dataframe tbody tr th:only-of-type {\n",
       "        vertical-align: middle;\n",
       "    }\n",
       "\n",
       "    .dataframe tbody tr th {\n",
       "        vertical-align: top;\n",
       "    }\n",
       "\n",
       "    .dataframe thead th {\n",
       "        text-align: right;\n",
       "    }\n",
       "</style>\n",
       "<table border=\"1\" class=\"dataframe\">\n",
       "  <thead>\n",
       "    <tr style=\"text-align: right;\">\n",
       "      <th></th>\n",
       "      <th>Close/Last</th>\n",
       "    </tr>\n",
       "    <tr>\n",
       "      <th>Date</th>\n",
       "      <th></th>\n",
       "    </tr>\n",
       "  </thead>\n",
       "  <tbody>\n",
       "    <tr>\n",
       "      <th>2020-02-28</th>\n",
       "      <td>$273.36</td>\n",
       "    </tr>\n",
       "    <tr>\n",
       "      <th>2020-02-27</th>\n",
       "      <td>$273.52</td>\n",
       "    </tr>\n",
       "    <tr>\n",
       "      <th>2020-02-26</th>\n",
       "      <td>$292.65</td>\n",
       "    </tr>\n",
       "    <tr>\n",
       "      <th>2020-02-25</th>\n",
       "      <td>$288.08</td>\n",
       "    </tr>\n",
       "    <tr>\n",
       "      <th>2020-02-24</th>\n",
       "      <td>$298.18</td>\n",
       "    </tr>\n",
       "  </tbody>\n",
       "</table>\n",
       "</div>"
      ],
      "text/plain": [
       "           Close/Last\n",
       "Date                 \n",
       "2020-02-28    $273.36\n",
       "2020-02-27    $273.52\n",
       "2020-02-26    $292.65\n",
       "2020-02-25    $288.08\n",
       "2020-02-24    $298.18"
      ]
     },
     "execution_count": 10,
     "metadata": {},
     "output_type": "execute_result"
    }
   ],
   "source": [
    "data.head()"
   ]
  },
  {
   "cell_type": "code",
   "execution_count": 12,
   "id": "319ee84a",
   "metadata": {},
   "outputs": [],
   "source": [
    "### we will be using lstm and linear regression models\n",
    "### lstms ability can model comples time dependant patterns\n",
    "### while linear regression can identify and follow broader trends"
   ]
  },
  {
   "cell_type": "code",
   "execution_count": null,
   "id": "3a89d042",
   "metadata": {},
   "outputs": [],
   "source": [
    "#using minmaxscaler , to scale between 0 and 1\n"
   ]
  }
 ],
 "metadata": {
  "kernelspec": {
   "display_name": "hybrid",
   "language": "python",
   "name": "python3"
  },
  "language_info": {
   "codemirror_mode": {
    "name": "ipython",
    "version": 3
   },
   "file_extension": ".py",
   "mimetype": "text/x-python",
   "name": "python",
   "nbconvert_exporter": "python",
   "pygments_lexer": "ipython3",
   "version": "3.13.5"
  }
 },
 "nbformat": 4,
 "nbformat_minor": 5
}
